image_width: 1024
image_height: 768
camera_name: camera-left
camera_matrix:
  rows: 3
  cols: 3
  data: [856.77413,   0.     , 511.46639,
           0.     , 856.72331, 388.95843,
           0.     ,   0.     ,   1.     ]
distortion_model: plumb_bob
distortion_coefficients:
  rows: 1
  cols: 5
  data: [-0.073477, 0.081102, 0.001972, -0.001458, 0.000000]
rectification_matrix:
  rows: 3
  cols: 3
  data: [ 0.99942232, -0.02013446, -0.02737954,
          0.02036914,  0.99975791,  0.00831964,
          0.0272054 , -0.00887253,  0.99959049]
projection_matrix:
  rows: 3
  cols: 4
  data: [896.32624,   0.     , 559.43531,   0.     ,
           0.     , 896.32624, 389.17324,   0.     ,
           0.     ,   0.     ,   1.     ,   0.     ]
